6 0.73828125 0.7421875 0.44765625 0.46171875
6 0.2484375 0.74296875 0.44609375 0.4609375
6 0.27890625 0.24921875 0.3984375 0.4640625
6 0.73671875 0.25 0.459375 0.46484375
5 0.74609375 0.33828125 0.1953125 0.11171875
5 0.2609375 0.303125 0.2125 0.1328125
5 0.22265625 0.7890625 0.15078125 0.12734375
5 0.74140625 0.76953125 0.14140625 0.10078125
3 0.725 0.57421875 0.25546875 0.13125
3 0.24453125 0.55703125 0.31015625 0.09765625
3 0.2796875 0.046875 0.35390625 0.0609375
3 0.7203125 0.03984375 0.3015625 0.05078125